(kicad_pcb (version 20171130) (host pcbnew "(5.1.10)-1")

  (general
    (thickness 1.6)
    (drawings 0)
    (tracks 208)
    (zones 0)
    (modules 52)
    (nets 80)
  )

  (page A4)
  (layers
    (0 F.Cu signal)
    (31 B.Cu signal)
    (32 B.Adhes user)
    (33 F.Adhes user)
    (34 B.Paste user)
    (35 F.Paste user)
    (36 B.SilkS user)
    (37 F.SilkS user)
    (38 B.Mask user)
    (39 F.Mask user)
    (40 Dwgs.User user)
    (41 Cmts.User user)
    (42 Eco1.User user)
    (43 Eco2.User user)
    (44 Edge.Cuts user)
    (45 Margin user)
    (46 B.CrtYd user)
    (47 F.CrtYd user)
    (48 B.Fab user)
    (49 F.Fab user)
  )

  (setup
    (last_trace_width 0.25)
    (trace_clearance 0.2)
    (zone_clearance 0.508)
    (zone_45_only no)
    (trace_min 0.2)
    (via_size 0.8)
    (via_drill 0.4)
    (via_min_size 0.4)
    (via_min_drill 0.3)
    (uvia_size 0.3)
    (uvia_drill 0.1)
    (uvias_allowed no)
    (uvia_min_size 0.2)
    (uvia_min_drill 0.1)
    (edge_width 0.05)
    (segment_width 0.2)
    (pcb_text_width 0.3)
    (pcb_text_size 1.5 1.5)
    (mod_edge_width 0.12)
    (mod_text_size 1 1)
    (mod_text_width 0.15)
    (pad_size 1.524 1.524)
    (pad_drill 0.762)
    (pad_to_mask_clearance 0)
    (aux_axis_origin 0 0)
    (visible_elements 7FFFFFFF)
    (pcbplotparams
      (layerselection 0x010fc_ffffffff)
      (usegerberextensions false)
      (usegerberattributes true)
      (usegerberadvancedattributes true)
      (creategerberjobfile true)
      (excludeedgelayer true)
      (linewidth 0.100000)
      (plotframeref false)
      (viasonmask false)
      (mode 1)
      (useauxorigin false)
      (hpglpennumber 1)
      (hpglpenspeed 20)
      (hpglpendiameter 15.000000)
      (psnegative false)
      (psa4output false)
      (plotreference true)
      (plotvalue true)
      (plotinvisibletext false)
      (padsonsilk false)
      (subtractmaskfromsilk false)
      (outputformat 1)
      (mirror false)
      (drillshape 1)
      (scaleselection 1)
      (outputdirectory ""))
  )

  (net 0 "")
  (net 1 "Net-(J8-Pad1)")
  (net 2 "Net-(J8-Pad2)")
  (net 3 "Net-(J8-Pad3)")
  (net 4 "Net-(J9-Pad2)")
  (net 5 "Net-(J9-Pad1)")
  (net 6 "Net-(J10-Pad1)")
  (net 7 "Net-(J10-Pad2)")
  (net 8 "Net-(K1-Pad2)")
  (net 9 "Net-(K1-Pad4)")
  (net 10 "Net-(C1-Pad1)")
  (net 11 "Net-(K2-Pad4)")
  (net 12 "Net-(K2-Pad2)")
  (net 13 GND)
  (net 14 "Net-(M1-Pad2)")
  (net 15 "Net-(M1-Pad3)")
  (net 16 "Net-(M1-Pad4)")
  (net 17 "Net-(M2-Pad4)")
  (net 18 "Net-(M2-Pad3)")
  (net 19 "Net-(M2-Pad2)")
  (net 20 "Net-(M3-Pad2)")
  (net 21 "Net-(M3-Pad3)")
  (net 22 "Net-(M3-Pad4)")
  (net 23 "Net-(Q1-Pad2)")
  (net 24 "Net-(Q2-Pad2)")
  (net 25 "Net-(Q3-Pad2)")
  (net 26 "Net-(Q4-Pad2)")
  (net 27 "Net-(Q5-Pad2)")
  (net 28 "Net-(Q6-Pad2)")
  (net 29 "Net-(Q7-Pad3)")
  (net 30 "Net-(Q8-Pad3)")
  (net 31 "Net-(Q9-Pad3)")
  (net 32 "Net-(C1-Pad2)")
  (net 33 "Net-(C2-Pad2)")
  (net 34 "Net-(C2-Pad1)")
  (net 35 "Net-(C3-Pad2)")
  (net 36 "Net-(Q13-Pad2)")
  (net 37 "Net-(Q13-Pad3)")
  (net 38 "Net-(Q15-Pad2)")
  (net 39 "Net-(R1-Pad2)")
  (net 40 "Net-(J1-Pad4)")
  (net 41 "Net-(J1-Pad3)")
  (net 42 "Net-(J2-Pad4)")
  (net 43 "Net-(J2-Pad3)")
  (net 44 "Net-(J3-Pad4)")
  (net 45 "Net-(J3-Pad3)")
  (net 46 "Net-(J4-Pad4)")
  (net 47 "Net-(J4-Pad3)")
  (net 48 "Net-(J5-Pad4)")
  (net 49 "Net-(J5-Pad3)")
  (net 50 "Net-(J6-Pad4)")
  (net 51 "Net-(J6-Pad3)")
  (net 52 "Net-(U2-Pad14)")
  (net 53 "Net-(U2-Pad15)")
  (net 54 "Net-(U2-Pad16)")
  (net 55 "Net-(U2-Pad17)")
  (net 56 "Net-(U1-Pad29)")
  (net 57 "Net-(U1-Pad28)")
  (net 58 "Net-(J1-Pad2)")
  (net 59 "Net-(U2-Pad24)")
  (net 60 "Net-(C4-Pad1)")
  (net 61 "Net-(U1-Pad1)")
  (net 62 "Net-(U1-Pad2)")
  (net 63 "Net-(U1-Pad3)")
  (net 64 "Net-(U1-Pad4)")
  (net 65 "Net-(U1-Pad5)")
  (net 66 "Net-(U1-Pad6)")
  (net 67 "Net-(U1-Pad7)")
  (net 68 "Net-(U1-Pad8)")
  (net 69 "Net-(U1-Pad9)")
  (net 70 "Net-(U1-Pad12)")
  (net 71 "Net-(U1-Pad13)")
  (net 72 "Net-(U1-Pad18)")
  (net 73 "Net-(U1-Pad19)")
  (net 74 "Net-(U1-Pad30)")
  (net 75 "Net-(K3-Pad12)")
  (net 76 "Net-(J7-Pad3)")
  (net 77 "Net-(K3-Pad4)")
  (net 78 "Net-(K3-Pad3)")
  (net 79 "Net-(K3-Pad5)")

  (net_class Default "This is the default net class."
    (clearance 0.2)
    (trace_width 0.25)
    (via_dia 0.8)
    (via_drill 0.4)
    (uvia_dia 0.3)
    (uvia_drill 0.1)
    (add_net GND)
    (add_net "Net-(C1-Pad1)")
    (add_net "Net-(C1-Pad2)")
    (add_net "Net-(C2-Pad1)")
    (add_net "Net-(C2-Pad2)")
    (add_net "Net-(C3-Pad2)")
    (add_net "Net-(C4-Pad1)")
    (add_net "Net-(J1-Pad2)")
    (add_net "Net-(J1-Pad3)")
    (add_net "Net-(J1-Pad4)")
    (add_net "Net-(J10-Pad1)")
    (add_net "Net-(J10-Pad2)")
    (add_net "Net-(J2-Pad3)")
    (add_net "Net-(J2-Pad4)")
    (add_net "Net-(J3-Pad3)")
    (add_net "Net-(J3-Pad4)")
    (add_net "Net-(J4-Pad3)")
    (add_net "Net-(J4-Pad4)")
    (add_net "Net-(J5-Pad3)")
    (add_net "Net-(J5-Pad4)")
    (add_net "Net-(J6-Pad3)")
    (add_net "Net-(J6-Pad4)")
    (add_net "Net-(J7-Pad3)")
    (add_net "Net-(J8-Pad1)")
    (add_net "Net-(J8-Pad2)")
    (add_net "Net-(J8-Pad3)")
    (add_net "Net-(J9-Pad1)")
    (add_net "Net-(J9-Pad2)")
    (add_net "Net-(K1-Pad2)")
    (add_net "Net-(K1-Pad4)")
    (add_net "Net-(K2-Pad2)")
    (add_net "Net-(K2-Pad4)")
    (add_net "Net-(K3-Pad12)")
    (add_net "Net-(K3-Pad3)")
    (add_net "Net-(K3-Pad4)")
    (add_net "Net-(K3-Pad5)")
    (add_net "Net-(M1-Pad2)")
    (add_net "Net-(M1-Pad3)")
    (add_net "Net-(M1-Pad4)")
    (add_net "Net-(M2-Pad2)")
    (add_net "Net-(M2-Pad3)")
    (add_net "Net-(M2-Pad4)")
    (add_net "Net-(M3-Pad2)")
    (add_net "Net-(M3-Pad3)")
    (add_net "Net-(M3-Pad4)")
    (add_net "Net-(Q1-Pad2)")
    (add_net "Net-(Q13-Pad2)")
    (add_net "Net-(Q13-Pad3)")
    (add_net "Net-(Q15-Pad2)")
    (add_net "Net-(Q2-Pad2)")
    (add_net "Net-(Q3-Pad2)")
    (add_net "Net-(Q4-Pad2)")
    (add_net "Net-(Q5-Pad2)")
    (add_net "Net-(Q6-Pad2)")
    (add_net "Net-(Q7-Pad3)")
    (add_net "Net-(Q8-Pad3)")
    (add_net "Net-(Q9-Pad3)")
    (add_net "Net-(R1-Pad2)")
    (add_net "Net-(U1-Pad1)")
    (add_net "Net-(U1-Pad12)")
    (add_net "Net-(U1-Pad13)")
    (add_net "Net-(U1-Pad18)")
    (add_net "Net-(U1-Pad19)")
    (add_net "Net-(U1-Pad2)")
    (add_net "Net-(U1-Pad28)")
    (add_net "Net-(U1-Pad29)")
    (add_net "Net-(U1-Pad3)")
    (add_net "Net-(U1-Pad30)")
    (add_net "Net-(U1-Pad4)")
    (add_net "Net-(U1-Pad5)")
    (add_net "Net-(U1-Pad6)")
    (add_net "Net-(U1-Pad7)")
    (add_net "Net-(U1-Pad8)")
    (add_net "Net-(U1-Pad9)")
    (add_net "Net-(U2-Pad14)")
    (add_net "Net-(U2-Pad15)")
    (add_net "Net-(U2-Pad16)")
    (add_net "Net-(U2-Pad17)")
    (add_net "Net-(U2-Pad24)")
  )

  (module KL:TCA9548A (layer F.Cu) (tedit 616C161C) (tstamp 616C7530)
    (at 30.48 121.92)
    (path /6133CE75)
    (fp_text reference U2 (at 0 -14.74) (layer F.SilkS)
      (effects (font (size 1 1) (thickness 0.15)))
    )
    (fp_text value TCA9548A (at 0 -15.74) (layer F.Fab)
      (effects (font (size 1 1) (thickness 0.15)))
    )
    (fp_line (start -10.16 -15.24) (end -10.16 17.78) (layer F.SilkS) (width 0.12))
    (fp_line (start -10.16 17.78) (end 10.16 17.78) (layer F.SilkS) (width 0.12))
    (fp_line (start 10.16 17.78) (end 10.16 -15.24) (layer F.SilkS) (width 0.12))
    (fp_line (start 10.16 -15.24) (end -10.16 -15.24) (layer F.SilkS) (width 0.12))
    (fp_text user VIN (at -5.08 -12.7) (layer F.SilkS)
      (effects (font (size 1 1) (thickness 0.15)))
    )
    (fp_text user GND (at -5.08 -10.16) (layer F.SilkS)
      (effects (font (size 1 1) (thickness 0.15)))
    )
    (fp_text user SDA (at -5.08 -7.62) (layer F.SilkS)
      (effects (font (size 1 1) (thickness 0.15)))
    )
    (fp_text user SCL (at -5.08 -5.08) (layer F.SilkS)
      (effects (font (size 1 1) (thickness 0.15)))
    )
    (fp_text user RST (at -5.08 -2.54) (layer F.SilkS)
      (effects (font (size 1 1) (thickness 0.15)))
    )
    (fp_text user A0 (at -5.08 0) (layer F.SilkS)
      (effects (font (size 1 1) (thickness 0.15)))
    )
    (fp_text user A1 (at -5.08 2.54) (layer F.SilkS)
      (effects (font (size 1 1) (thickness 0.15)))
    )
    (fp_text user A2 (at -5.08 5.08) (layer F.SilkS)
      (effects (font (size 1 1) (thickness 0.15)))
    )
    (fp_text user SD0 (at -5.08 7.62) (layer F.SilkS)
      (effects (font (size 1 1) (thickness 0.15)))
    )
    (fp_text user SC0 (at -5.08 10.16) (layer F.SilkS)
      (effects (font (size 1 1) (thickness 0.15)))
    )
    (fp_text user SD1 (at -5.08 12.7) (layer F.SilkS)
      (effects (font (size 1 1) (thickness 0.15)))
    )
    (fp_text user SC1 (at -5.08 15.24) (layer F.SilkS)
      (effects (font (size 1 1) (thickness 0.15)))
    )
    (fp_text user SD2 (at 5.08 -12.7) (layer F.SilkS)
      (effects (font (size 1 1) (thickness 0.15)))
    )
    (fp_text user SC2 (at 5.08 -10.16) (layer F.SilkS)
      (effects (font (size 1 1) (thickness 0.15)))
    )
    (fp_text user SD3 (at 5.08 -7.62) (layer F.SilkS)
      (effects (font (size 1 1) (thickness 0.15)))
    )
    (fp_text user SC3 (at 5.08 -5.08) (layer F.SilkS)
      (effects (font (size 1 1) (thickness 0.15)))
    )
    (fp_text user SD4 (at 5.08 -2.54) (layer F.SilkS)
      (effects (font (size 1 1) (thickness 0.15)))
    )
    (fp_text user SC4 (at 5.08 0) (layer F.SilkS)
      (effects (font (size 1 1) (thickness 0.15)))
    )
    (fp_text user SD5 (at 5.08 2.54) (layer F.SilkS)
      (effects (font (size 1 1) (thickness 0.15)))
    )
    (fp_text user SC5 (at 5.08 5.08) (layer F.SilkS)
      (effects (font (size 1 1) (thickness 0.15)))
    )
    (fp_text user SD6 (at 5.08 7.62) (layer F.SilkS)
      (effects (font (size 1 1) (thickness 0.15)))
    )
    (fp_text user SC6 (at 5.08 10.16) (layer F.SilkS)
      (effects (font (size 1 1) (thickness 0.15)))
    )
    (fp_text user SD7 (at 5.08 12.7) (layer F.SilkS)
      (effects (font (size 1 1) (thickness 0.15)))
    )
    (fp_text user SC7 (at 5.08 15.24) (layer F.SilkS)
      (effects (font (size 1 1) (thickness 0.15)))
    )
    (pad 21 thru_hole circle (at -7.62 -12.7) (size 1.524 1.524) (drill 0.762) (layers *.Cu *.Mask)
      (net 58 "Net-(J1-Pad2)"))
    (pad 9 thru_hole rect (at -7.62 -10.16) (size 1.524 1.524) (drill 0.762) (layers *.Cu *.Mask)
      (net 13 GND))
    (pad 20 thru_hole circle (at -7.62 -7.62) (size 1.524 1.524) (drill 0.762) (layers *.Cu *.Mask)
      (net 57 "Net-(U1-Pad28)"))
    (pad 19 thru_hole circle (at -7.62 -5.08) (size 1.524 1.524) (drill 0.762) (layers *.Cu *.Mask)
      (net 56 "Net-(U1-Pad29)"))
    (pad 24 thru_hole circle (at -7.62 -2.54) (size 1.524 1.524) (drill 0.762) (layers *.Cu *.Mask)
      (net 59 "Net-(U2-Pad24)"))
    (pad 22 thru_hole circle (at -7.62 0) (size 1.524 1.524) (drill 0.762) (layers *.Cu *.Mask)
      (net 58 "Net-(J1-Pad2)"))
    (pad 23 thru_hole circle (at -7.62 2.54) (size 1.524 1.524) (drill 0.762) (layers *.Cu *.Mask)
      (net 13 GND))
    (pad 18 thru_hole circle (at -7.62 5.08) (size 1.524 1.524) (drill 0.762) (layers *.Cu *.Mask)
      (net 13 GND))
    (pad 1 thru_hole circle (at -7.62 7.62) (size 1.524 1.524) (drill 0.762) (layers *.Cu *.Mask)
      (net 40 "Net-(J1-Pad4)"))
    (pad 2 thru_hole circle (at -7.62 10.16) (size 1.524 1.524) (drill 0.762) (layers *.Cu *.Mask)
      (net 41 "Net-(J1-Pad3)"))
    (pad 3 thru_hole circle (at -7.62 12.7) (size 1.524 1.524) (drill 0.762) (layers *.Cu *.Mask)
      (net 42 "Net-(J2-Pad4)"))
    (pad 4 thru_hole circle (at -7.62 15.24) (size 1.524 1.524) (drill 0.762) (layers *.Cu *.Mask)
      (net 43 "Net-(J2-Pad3)"))
    (pad 5 thru_hole circle (at 7.62 -12.7) (size 1.524 1.524) (drill 0.762) (layers *.Cu *.Mask)
      (net 44 "Net-(J3-Pad4)"))
    (pad 6 thru_hole circle (at 7.62 -10.16) (size 1.524 1.524) (drill 0.762) (layers *.Cu *.Mask)
      (net 45 "Net-(J3-Pad3)"))
    (pad 7 thru_hole circle (at 7.62 -7.62) (size 1.524 1.524) (drill 0.762) (layers *.Cu *.Mask)
      (net 46 "Net-(J4-Pad4)"))
    (pad 8 thru_hole circle (at 7.62 -5.08) (size 1.524 1.524) (drill 0.762) (layers *.Cu *.Mask)
      (net 47 "Net-(J4-Pad3)"))
    (pad 10 thru_hole circle (at 7.62 -2.54) (size 1.524 1.524) (drill 0.762) (layers *.Cu *.Mask)
      (net 48 "Net-(J5-Pad4)"))
    (pad 11 thru_hole circle (at 7.62 0) (size 1.524 1.524) (drill 0.762) (layers *.Cu *.Mask)
      (net 49 "Net-(J5-Pad3)"))
    (pad 12 thru_hole circle (at 7.62 2.54) (size 1.524 1.524) (drill 0.762) (layers *.Cu *.Mask)
      (net 50 "Net-(J6-Pad4)"))
    (pad 13 thru_hole circle (at 7.62 5.08) (size 1.524 1.524) (drill 0.762) (layers *.Cu *.Mask)
      (net 51 "Net-(J6-Pad3)"))
    (pad 14 thru_hole circle (at 7.62 7.62) (size 1.524 1.524) (drill 0.762) (layers *.Cu *.Mask)
      (net 52 "Net-(U2-Pad14)"))
    (pad 15 thru_hole circle (at 7.62 10.16) (size 1.524 1.524) (drill 0.762) (layers *.Cu *.Mask)
      (net 53 "Net-(U2-Pad15)"))
    (pad 16 thru_hole circle (at 7.62 12.7) (size 1.524 1.524) (drill 0.762) (layers *.Cu *.Mask)
      (net 54 "Net-(U2-Pad16)"))
    (pad 17 thru_hole circle (at 7.62 15.24) (size 1.524 1.524) (drill 0.762) (layers *.Cu *.Mask)
      (net 55 "Net-(U2-Pad17)"))
  )

  (module Capacitor_THT:C_Disc_D4.3mm_W1.9mm_P5.00mm (layer F.Cu) (tedit 5AE50EF0) (tstamp 616C7036)
    (at 127.645001 73.155001)
    (descr "C, Disc series, Radial, pin pitch=5.00mm, , diameter*width=4.3*1.9mm^2, Capacitor, http://www.vishay.com/docs/45233/krseries.pdf")
    (tags "C Disc series Radial pin pitch 5.00mm  diameter 4.3mm width 1.9mm Capacitor")
    (path /61857B6B)
    (fp_text reference C1 (at 2.5 -2.2) (layer F.SilkS)
      (effects (font (size 1 1) (thickness 0.15)))
    )
    (fp_text value 100NF (at 2.5 2.2) (layer F.Fab)
      (effects (font (size 1 1) (thickness 0.15)))
    )
    (fp_line (start 6.05 -1.2) (end -1.05 -1.2) (layer F.CrtYd) (width 0.05))
    (fp_line (start 6.05 1.2) (end 6.05 -1.2) (layer F.CrtYd) (width 0.05))
    (fp_line (start -1.05 1.2) (end 6.05 1.2) (layer F.CrtYd) (width 0.05))
    (fp_line (start -1.05 -1.2) (end -1.05 1.2) (layer F.CrtYd) (width 0.05))
    (fp_line (start 4.77 1.055) (end 4.77 1.07) (layer F.SilkS) (width 0.12))
    (fp_line (start 4.77 -1.07) (end 4.77 -1.055) (layer F.SilkS) (width 0.12))
    (fp_line (start 0.23 1.055) (end 0.23 1.07) (layer F.SilkS) (width 0.12))
    (fp_line (start 0.23 -1.07) (end 0.23 -1.055) (layer F.SilkS) (width 0.12))
    (fp_line (start 0.23 1.07) (end 4.77 1.07) (layer F.SilkS) (width 0.12))
    (fp_line (start 0.23 -1.07) (end 4.77 -1.07) (layer F.SilkS) (width 0.12))
    (fp_line (start 4.65 -0.95) (end 0.35 -0.95) (layer F.Fab) (width 0.1))
    (fp_line (start 4.65 0.95) (end 4.65 -0.95) (layer F.Fab) (width 0.1))
    (fp_line (start 0.35 0.95) (end 4.65 0.95) (layer F.Fab) (width 0.1))
    (fp_line (start 0.35 -0.95) (end 0.35 0.95) (layer F.Fab) (width 0.1))
    (fp_text user %R (at 2.5 0) (layer F.Fab)
      (effects (font (size 0.86 0.86) (thickness 0.129)))
    )
    (pad 1 thru_hole circle (at 0 0) (size 1.6 1.6) (drill 0.8) (layers *.Cu *.Mask)
      (net 10 "Net-(C1-Pad1)"))
    (pad 2 thru_hole circle (at 5 0) (size 1.6 1.6) (drill 0.8) (layers *.Cu *.Mask)
      (net 32 "Net-(C1-Pad2)"))
    (model ${KISYS3DMOD}/Capacitor_THT.3dshapes/C_Disc_D4.3mm_W1.9mm_P5.00mm.wrl
      (at (xyz 0 0 0))
      (scale (xyz 1 1 1))
      (rotate (xyz 0 0 0))
    )
  )

  (module Capacitor_THT:C_Disc_D4.3mm_W1.9mm_P5.00mm (layer F.Cu) (tedit 5AE50EF0) (tstamp 616C704B)
    (at 145.315001 53.465001)
    (descr "C, Disc series, Radial, pin pitch=5.00mm, , diameter*width=4.3*1.9mm^2, Capacitor, http://www.vishay.com/docs/45233/krseries.pdf")
    (tags "C Disc series Radial pin pitch 5.00mm  diameter 4.3mm width 1.9mm Capacitor")
    (path /61A47AE0)
    (fp_text reference C2 (at 2.5 -2.2) (layer F.SilkS)
      (effects (font (size 1 1) (thickness 0.15)))
    )
    (fp_text value 100NF (at 2.5 2.2) (layer F.Fab)
      (effects (font (size 1 1) (thickness 0.15)))
    )
    (fp_text user %R (at 2.5 0) (layer F.Fab)
      (effects (font (size 0.86 0.86) (thickness 0.129)))
    )
    (fp_line (start 0.35 -0.95) (end 0.35 0.95) (layer F.Fab) (width 0.1))
    (fp_line (start 0.35 0.95) (end 4.65 0.95) (layer F.Fab) (width 0.1))
    (fp_line (start 4.65 0.95) (end 4.65 -0.95) (layer F.Fab) (width 0.1))
    (fp_line (start 4.65 -0.95) (end 0.35 -0.95) (layer F.Fab) (width 0.1))
    (fp_line (start 0.23 -1.07) (end 4.77 -1.07) (layer F.SilkS) (width 0.12))
    (fp_line (start 0.23 1.07) (end 4.77 1.07) (layer F.SilkS) (width 0.12))
    (fp_line (start 0.23 -1.07) (end 0.23 -1.055) (layer F.SilkS) (width 0.12))
    (fp_line (start 0.23 1.055) (end 0.23 1.07) (layer F.SilkS) (width 0.12))
    (fp_line (start 4.77 -1.07) (end 4.77 -1.055) (layer F.SilkS) (width 0.12))
    (fp_line (start 4.77 1.055) (end 4.77 1.07) (layer F.SilkS) (width 0.12))
    (fp_line (start -1.05 -1.2) (end -1.05 1.2) (layer F.CrtYd) (width 0.05))
    (fp_line (start -1.05 1.2) (end 6.05 1.2) (layer F.CrtYd) (width 0.05))
    (fp_line (start 6.05 1.2) (end 6.05 -1.2) (layer F.CrtYd) (width 0.05))
    (fp_line (start 6.05 -1.2) (end -1.05 -1.2) (layer F.CrtYd) (width 0.05))
    (pad 2 thru_hole circle (at 5 0) (size 1.6 1.6) (drill 0.8) (layers *.Cu *.Mask)
      (net 33 "Net-(C2-Pad2)"))
    (pad 1 thru_hole circle (at 0 0) (size 1.6 1.6) (drill 0.8) (layers *.Cu *.Mask)
      (net 34 "Net-(C2-Pad1)"))
    (model ${KISYS3DMOD}/Capacitor_THT.3dshapes/C_Disc_D4.3mm_W1.9mm_P5.00mm.wrl
      (at (xyz 0 0 0))
      (scale (xyz 1 1 1))
      (rotate (xyz 0 0 0))
    )
  )

  (module Capacitor_THT:C_Disc_D4.3mm_W1.9mm_P5.00mm (layer F.Cu) (tedit 5AE50EF0) (tstamp 616C7060)
    (at 181.955001 117.315001)
    (descr "C, Disc series, Radial, pin pitch=5.00mm, , diameter*width=4.3*1.9mm^2, Capacitor, http://www.vishay.com/docs/45233/krseries.pdf")
    (tags "C Disc series Radial pin pitch 5.00mm  diameter 4.3mm width 1.9mm Capacitor")
    (path /61AA5F32)
    (fp_text reference C3 (at 2.5 -2.2) (layer F.SilkS)
      (effects (font (size 1 1) (thickness 0.15)))
    )
    (fp_text value 100NF (at 2.5 2.2) (layer F.Fab)
      (effects (font (size 1 1) (thickness 0.15)))
    )
    (fp_line (start 6.05 -1.2) (end -1.05 -1.2) (layer F.CrtYd) (width 0.05))
    (fp_line (start 6.05 1.2) (end 6.05 -1.2) (layer F.CrtYd) (width 0.05))
    (fp_line (start -1.05 1.2) (end 6.05 1.2) (layer F.CrtYd) (width 0.05))
    (fp_line (start -1.05 -1.2) (end -1.05 1.2) (layer F.CrtYd) (width 0.05))
    (fp_line (start 4.77 1.055) (end 4.77 1.07) (layer F.SilkS) (width 0.12))
    (fp_line (start 4.77 -1.07) (end 4.77 -1.055) (layer F.SilkS) (width 0.12))
    (fp_line (start 0.23 1.055) (end 0.23 1.07) (layer F.SilkS) (width 0.12))
    (fp_line (start 0.23 -1.07) (end 0.23 -1.055) (layer F.SilkS) (width 0.12))
    (fp_line (start 0.23 1.07) (end 4.77 1.07) (layer F.SilkS) (width 0.12))
    (fp_line (start 0.23 -1.07) (end 4.77 -1.07) (layer F.SilkS) (width 0.12))
    (fp_line (start 4.65 -0.95) (end 0.35 -0.95) (layer F.Fab) (width 0.1))
    (fp_line (start 4.65 0.95) (end 4.65 -0.95) (layer F.Fab) (width 0.1))
    (fp_line (start 0.35 0.95) (end 4.65 0.95) (layer F.Fab) (width 0.1))
    (fp_line (start 0.35 -0.95) (end 0.35 0.95) (layer F.Fab) (width 0.1))
    (fp_text user %R (at 2.5 0) (layer F.Fab)
      (effects (font (size 0.86 0.86) (thickness 0.129)))
    )
    (pad 1 thru_hole circle (at 0 0) (size 1.6 1.6) (drill 0.8) (layers *.Cu *.Mask)
      (net 10 "Net-(C1-Pad1)"))
    (pad 2 thru_hole circle (at 5 0) (size 1.6 1.6) (drill 0.8) (layers *.Cu *.Mask)
      (net 35 "Net-(C3-Pad2)"))
    (model ${KISYS3DMOD}/Capacitor_THT.3dshapes/C_Disc_D4.3mm_W1.9mm_P5.00mm.wrl
      (at (xyz 0 0 0))
      (scale (xyz 1 1 1))
      (rotate (xyz 0 0 0))
    )
  )

  (module Capacitor_THT:C_Disc_D4.3mm_W1.9mm_P5.00mm (layer F.Cu) (tedit 5AE50EF0) (tstamp 616C7075)
    (at 181.955001 113.865001)
    (descr "C, Disc series, Radial, pin pitch=5.00mm, , diameter*width=4.3*1.9mm^2, Capacitor, http://www.vishay.com/docs/45233/krseries.pdf")
    (tags "C Disc series Radial pin pitch 5.00mm  diameter 4.3mm width 1.9mm Capacitor")
    (path /61675A10)
    (fp_text reference C4 (at 2.5 -2.2) (layer F.SilkS)
      (effects (font (size 1 1) (thickness 0.15)))
    )
    (fp_text value 100nF (at 2.5 2.2) (layer F.Fab)
      (effects (font (size 1 1) (thickness 0.15)))
    )
    (fp_text user %R (at 2.5 0) (layer F.Fab)
      (effects (font (size 0.86 0.86) (thickness 0.129)))
    )
    (fp_line (start 0.35 -0.95) (end 0.35 0.95) (layer F.Fab) (width 0.1))
    (fp_line (start 0.35 0.95) (end 4.65 0.95) (layer F.Fab) (width 0.1))
    (fp_line (start 4.65 0.95) (end 4.65 -0.95) (layer F.Fab) (width 0.1))
    (fp_line (start 4.65 -0.95) (end 0.35 -0.95) (layer F.Fab) (width 0.1))
    (fp_line (start 0.23 -1.07) (end 4.77 -1.07) (layer F.SilkS) (width 0.12))
    (fp_line (start 0.23 1.07) (end 4.77 1.07) (layer F.SilkS) (width 0.12))
    (fp_line (start 0.23 -1.07) (end 0.23 -1.055) (layer F.SilkS) (width 0.12))
    (fp_line (start 0.23 1.055) (end 0.23 1.07) (layer F.SilkS) (width 0.12))
    (fp_line (start 4.77 -1.07) (end 4.77 -1.055) (layer F.SilkS) (width 0.12))
    (fp_line (start 4.77 1.055) (end 4.77 1.07) (layer F.SilkS) (width 0.12))
    (fp_line (start -1.05 -1.2) (end -1.05 1.2) (layer F.CrtYd) (width 0.05))
    (fp_line (start -1.05 1.2) (end 6.05 1.2) (layer F.CrtYd) (width 0.05))
    (fp_line (start 6.05 1.2) (end 6.05 -1.2) (layer F.CrtYd) (width 0.05))
    (fp_line (start 6.05 -1.2) (end -1.05 -1.2) (layer F.CrtYd) (width 0.05))
    (pad 2 thru_hole circle (at 5 0) (size 1.6 1.6) (drill 0.8) (layers *.Cu *.Mask)
      (net 13 GND))
    (pad 1 thru_hole circle (at 0 0) (size 1.6 1.6) (drill 0.8) (layers *.Cu *.Mask)
      (net 60 "Net-(C4-Pad1)"))
    (model ${KISYS3DMOD}/Capacitor_THT.3dshapes/C_Disc_D4.3mm_W1.9mm_P5.00mm.wrl
      (at (xyz 0 0 0))
      (scale (xyz 1 1 1))
      (rotate (xyz 0 0 0))
    )
  )

  (module Capacitor_THT:C_Disc_D3.0mm_W1.6mm_P2.50mm (layer F.Cu) (tedit 5AE50EF0) (tstamp 616C7086)
    (at 232.845001 119.715001)
    (descr "C, Disc series, Radial, pin pitch=2.50mm, , diameter*width=3.0*1.6mm^2, Capacitor, http://www.vishay.com/docs/45233/krseries.pdf")
    (tags "C Disc series Radial pin pitch 2.50mm  diameter 3.0mm width 1.6mm Capacitor")
    (path /6166B903)
    (fp_text reference C5 (at 1.25 -2.05) (layer F.SilkS)
      (effects (font (size 1 1) (thickness 0.15)))
    )
    (fp_text value 3.3uF (at 1.25 2.05) (layer F.Fab)
      (effects (font (size 1 1) (thickness 0.15)))
    )
    (fp_line (start 3.55 -1.05) (end -1.05 -1.05) (layer F.CrtYd) (width 0.05))
    (fp_line (start 3.55 1.05) (end 3.55 -1.05) (layer F.CrtYd) (width 0.05))
    (fp_line (start -1.05 1.05) (end 3.55 1.05) (layer F.CrtYd) (width 0.05))
    (fp_line (start -1.05 -1.05) (end -1.05 1.05) (layer F.CrtYd) (width 0.05))
    (fp_line (start 0.621 0.92) (end 1.879 0.92) (layer F.SilkS) (width 0.12))
    (fp_line (start 0.621 -0.92) (end 1.879 -0.92) (layer F.SilkS) (width 0.12))
    (fp_line (start 2.75 -0.8) (end -0.25 -0.8) (layer F.Fab) (width 0.1))
    (fp_line (start 2.75 0.8) (end 2.75 -0.8) (layer F.Fab) (width 0.1))
    (fp_line (start -0.25 0.8) (end 2.75 0.8) (layer F.Fab) (width 0.1))
    (fp_line (start -0.25 -0.8) (end -0.25 0.8) (layer F.Fab) (width 0.1))
    (fp_text user %R (at 1.25 0) (layer F.Fab)
      (effects (font (size 0.6 0.6) (thickness 0.09)))
    )
    (pad 1 thru_hole circle (at 0 0) (size 1.6 1.6) (drill 0.8) (layers *.Cu *.Mask)
      (net 10 "Net-(C1-Pad1)"))
    (pad 2 thru_hole circle (at 2.5 0) (size 1.6 1.6) (drill 0.8) (layers *.Cu *.Mask)
      (net 13 GND))
    (model ${KISYS3DMOD}/Capacitor_THT.3dshapes/C_Disc_D3.0mm_W1.6mm_P2.50mm.wrl
      (at (xyz 0 0 0))
      (scale (xyz 1 1 1))
      (rotate (xyz 0 0 0))
    )
  )

  (module Sensor:Aosong_DHT11_5.5x12.0_P2.54mm (layer F.Cu) (tedit 5C4B60CF) (tstamp 616C709E)
    (at 17.78 91.44)
    (descr "Temperature and humidity module, http://akizukidenshi.com/download/ds/aosong/DHT11.pdf")
    (tags "Temperature and humidity module")
    (path /61DDDA8D)
    (fp_text reference J1 (at -1 -3.5) (layer F.SilkS)
      (effects (font (size 1 1) (thickness 0.15)))
    )
    (fp_text value "I2C Sensor" (at 0 11.3) (layer F.Fab)
      (effects (font (size 1 1) (thickness 0.15)))
    )
    (fp_line (start -3.16 -2.6) (end -1.55 -2.6) (layer F.SilkS) (width 0.12))
    (fp_line (start -3.16 -2.6) (end -3.16 -0.6) (layer F.SilkS) (width 0.12))
    (fp_line (start -2.75 -1.19) (end -1.75 -2.19) (layer F.Fab) (width 0.1))
    (fp_line (start -3 10.06) (end -3 -2.44) (layer F.CrtYd) (width 0.05))
    (fp_line (start 3 10.06) (end -3 10.06) (layer F.CrtYd) (width 0.05))
    (fp_line (start 3 -2.44) (end 3 10.06) (layer F.CrtYd) (width 0.05))
    (fp_line (start -3 -2.44) (end 3 -2.44) (layer F.CrtYd) (width 0.05))
    (fp_line (start -2.88 9.94) (end -2.88 -2.31) (layer F.SilkS) (width 0.12))
    (fp_line (start 2.88 9.94) (end -2.88 9.94) (layer F.SilkS) (width 0.12))
    (fp_line (start 2.88 -2.32) (end 2.88 9.94) (layer F.SilkS) (width 0.12))
    (fp_line (start -2.87 -2.32) (end 2.87 -2.32) (layer F.SilkS) (width 0.12))
    (fp_line (start -2.75 -1.19) (end -2.75 9.81) (layer F.Fab) (width 0.1))
    (fp_line (start 2.75 9.81) (end -2.75 9.81) (layer F.Fab) (width 0.1))
    (fp_line (start 2.75 -2.19) (end 2.75 9.81) (layer F.Fab) (width 0.1))
    (fp_line (start -1.75 -2.19) (end 2.75 -2.19) (layer F.Fab) (width 0.1))
    (fp_text user %R (at 0 3.81) (layer F.Fab)
      (effects (font (size 1 1) (thickness 0.15)))
    )
    (pad 1 thru_hole rect (at 0 0) (size 1.5 1.5) (drill 0.8) (layers *.Cu *.Mask)
      (net 13 GND))
    (pad 2 thru_hole circle (at 0 2.54) (size 1.5 1.5) (drill 0.8) (layers *.Cu *.Mask)
      (net 58 "Net-(J1-Pad2)"))
    (pad 3 thru_hole circle (at 0 5.08) (size 1.5 1.5) (drill 0.8) (layers *.Cu *.Mask)
      (net 41 "Net-(J1-Pad3)"))
    (pad 4 thru_hole circle (at 0 7.62) (size 1.5 1.5) (drill 0.8) (layers *.Cu *.Mask)
      (net 40 "Net-(J1-Pad4)"))
    (model ${KISYS3DMOD}/Sensor.3dshapes/Aosong_DHT11_5.5x12.0_P2.54mm.wrl
      (at (xyz 0 0 0))
      (scale (xyz 1 1 1))
      (rotate (xyz 0 0 0))
    )
  )

  (module Sensor:Aosong_DHT11_5.5x12.0_P2.54mm (layer F.Cu) (tedit 5C4B60CF) (tstamp 616C70B6)
    (at 27.94 91.44)
    (descr "Temperature and humidity module, http://akizukidenshi.com/download/ds/aosong/DHT11.pdf")
    (tags "Temperature and humidity module")
    (path /61DEB05A)
    (fp_text reference J2 (at -1 -3.5) (layer F.SilkS)
      (effects (font (size 1 1) (thickness 0.15)))
    )
    (fp_text value "I2C Sensor" (at 0 11.3) (layer F.Fab)
      (effects (font (size 1 1) (thickness 0.15)))
    )
    (fp_text user %R (at 0 3.81) (layer F.Fab)
      (effects (font (size 1 1) (thickness 0.15)))
    )
    (fp_line (start -1.75 -2.19) (end 2.75 -2.19) (layer F.Fab) (width 0.1))
    (fp_line (start 2.75 -2.19) (end 2.75 9.81) (layer F.Fab) (width 0.1))
    (fp_line (start 2.75 9.81) (end -2.75 9.81) (layer F.Fab) (width 0.1))
    (fp_line (start -2.75 -1.19) (end -2.75 9.81) (layer F.Fab) (width 0.1))
    (fp_line (start -2.87 -2.32) (end 2.87 -2.32) (layer F.SilkS) (width 0.12))
    (fp_line (start 2.88 -2.32) (end 2.88 9.94) (layer F.SilkS) (width 0.12))
    (fp_line (start 2.88 9.94) (end -2.88 9.94) (layer F.SilkS) (width 0.12))
    (fp_line (start -2.88 9.94) (end -2.88 -2.31) (layer F.SilkS) (width 0.12))
    (fp_line (start -3 -2.44) (end 3 -2.44) (layer F.CrtYd) (width 0.05))
    (fp_line (start 3 -2.44) (end 3 10.06) (layer F.CrtYd) (width 0.05))
    (fp_line (start 3 10.06) (end -3 10.06) (layer F.CrtYd) (width 0.05))
    (fp_line (start -3 10.06) (end -3 -2.44) (layer F.CrtYd) (width 0.05))
    (fp_line (start -2.75 -1.19) (end -1.75 -2.19) (layer F.Fab) (width 0.1))
    (fp_line (start -3.16 -2.6) (end -3.16 -0.6) (layer F.SilkS) (width 0.12))
    (fp_line (start -3.16 -2.6) (end -1.55 -2.6) (layer F.SilkS) (width 0.12))
    (pad 4 thru_hole circle (at 0 7.62) (size 1.5 1.5) (drill 0.8) (layers *.Cu *.Mask)
      (net 42 "Net-(J2-Pad4)"))
    (pad 3 thru_hole circle (at 0 5.08) (size 1.5 1.5) (drill 0.8) (layers *.Cu *.Mask)
      (net 43 "Net-(J2-Pad3)"))
    (pad 2 thru_hole circle (at 0 2.54) (size 1.5 1.5) (drill 0.8) (layers *.Cu *.Mask)
      (net 58 "Net-(J1-Pad2)"))
    (pad 1 thru_hole rect (at 0 0) (size 1.5 1.5) (drill 0.8) (layers *.Cu *.Mask)
      (net 13 GND))
    (model ${KISYS3DMOD}/Sensor.3dshapes/Aosong_DHT11_5.5x12.0_P2.54mm.wrl
      (at (xyz 0 0 0))
      (scale (xyz 1 1 1))
      (rotate (xyz 0 0 0))
    )
  )

  (module Sensor:Aosong_DHT11_5.5x12.0_P2.54mm (layer F.Cu) (tedit 5C4B60CF) (tstamp 616C70CE)
    (at 38.1 91.44)
    (descr "Temperature and humidity module, http://akizukidenshi.com/download/ds/aosong/DHT11.pdf")
    (tags "Temperature and humidity module")
    (path /61DF5A98)
    (fp_text reference J3 (at -1 -3.5) (layer F.SilkS)
      (effects (font (size 1 1) (thickness 0.15)))
    )
    (fp_text value "I2C Sensor" (at 0 11.3) (layer F.Fab)
      (effects (font (size 1 1) (thickness 0.15)))
    )
    (fp_line (start -3.16 -2.6) (end -1.55 -2.6) (layer F.SilkS) (width 0.12))
    (fp_line (start -3.16 -2.6) (end -3.16 -0.6) (layer F.SilkS) (width 0.12))
    (fp_line (start -2.75 -1.19) (end -1.75 -2.19) (layer F.Fab) (width 0.1))
    (fp_line (start -3 10.06) (end -3 -2.44) (layer F.CrtYd) (width 0.05))
    (fp_line (start 3 10.06) (end -3 10.06) (layer F.CrtYd) (width 0.05))
    (fp_line (start 3 -2.44) (end 3 10.06) (layer F.CrtYd) (width 0.05))
    (fp_line (start -3 -2.44) (end 3 -2.44) (layer F.CrtYd) (width 0.05))
    (fp_line (start -2.88 9.94) (end -2.88 -2.31) (layer F.SilkS) (width 0.12))
    (fp_line (start 2.88 9.94) (end -2.88 9.94) (layer F.SilkS) (width 0.12))
    (fp_line (start 2.88 -2.32) (end 2.88 9.94) (layer F.SilkS) (width 0.12))
    (fp_line (start -2.87 -2.32) (end 2.87 -2.32) (layer F.SilkS) (width 0.12))
    (fp_line (start -2.75 -1.19) (end -2.75 9.81) (layer F.Fab) (width 0.1))
    (fp_line (start 2.75 9.81) (end -2.75 9.81) (layer F.Fab) (width 0.1))
    (fp_line (start 2.75 -2.19) (end 2.75 9.81) (layer F.Fab) (width 0.1))
    (fp_line (start -1.75 -2.19) (end 2.75 -2.19) (layer F.Fab) (width 0.1))
    (fp_text user %R (at 0 3.81) (layer F.Fab)
      (effects (font (size 1 1) (thickness 0.15)))
    )
    (pad 1 thru_hole rect (at 0 0) (size 1.5 1.5) (drill 0.8) (layers *.Cu *.Mask)
      (net 13 GND))
    (pad 2 thru_hole circle (at 0 2.54) (size 1.5 1.5) (drill 0.8) (layers *.Cu *.Mask)
      (net 58 "Net-(J1-Pad2)"))
    (pad 3 thru_hole circle (at 0 5.08) (size 1.5 1.5) (drill 0.8) (layers *.Cu *.Mask)
      (net 45 "Net-(J3-Pad3)"))
    (pad 4 thru_hole circle (at 0 7.62) (size 1.5 1.5) (drill 0.8) (layers *.Cu *.Mask)
      (net 44 "Net-(J3-Pad4)"))
    (model ${KISYS3DMOD}/Sensor.3dshapes/Aosong_DHT11_5.5x12.0_P2.54mm.wrl
      (at (xyz 0 0 0))
      (scale (xyz 1 1 1))
      (rotate (xyz 0 0 0))
    )
  )

  (module Sensor:Aosong_DHT11_5.5x12.0_P2.54mm (layer F.Cu) (tedit 5C4B60CF) (tstamp 616C70E6)
    (at 48.26 91.44)
    (descr "Temperature and humidity module, http://akizukidenshi.com/download/ds/aosong/DHT11.pdf")
    (tags "Temperature and humidity module")
    (path /61E00DD1)
    (fp_text reference J4 (at -1 -3.5) (layer F.SilkS)
      (effects (font (size 1 1) (thickness 0.15)))
    )
    (fp_text value "I2C Sensor" (at 0 11.3) (layer F.Fab)
      (effects (font (size 1 1) (thickness 0.15)))
    )
    (fp_line (start -3.16 -2.6) (end -1.55 -2.6) (layer F.SilkS) (width 0.12))
    (fp_line (start -3.16 -2.6) (end -3.16 -0.6) (layer F.SilkS) (width 0.12))
    (fp_line (start -2.75 -1.19) (end -1.75 -2.19) (layer F.Fab) (width 0.1))
    (fp_line (start -3 10.06) (end -3 -2.44) (layer F.CrtYd) (width 0.05))
    (fp_line (start 3 10.06) (end -3 10.06) (layer F.CrtYd) (width 0.05))
    (fp_line (start 3 -2.44) (end 3 10.06) (layer F.CrtYd) (width 0.05))
    (fp_line (start -3 -2.44) (end 3 -2.44) (layer F.CrtYd) (width 0.05))
    (fp_line (start -2.88 9.94) (end -2.88 -2.31) (layer F.SilkS) (width 0.12))
    (fp_line (start 2.88 9.94) (end -2.88 9.94) (layer F.SilkS) (width 0.12))
    (fp_line (start 2.88 -2.32) (end 2.88 9.94) (layer F.SilkS) (width 0.12))
    (fp_line (start -2.87 -2.32) (end 2.87 -2.32) (layer F.SilkS) (width 0.12))
    (fp_line (start -2.75 -1.19) (end -2.75 9.81) (layer F.Fab) (width 0.1))
    (fp_line (start 2.75 9.81) (end -2.75 9.81) (layer F.Fab) (width 0.1))
    (fp_line (start 2.75 -2.19) (end 2.75 9.81) (layer F.Fab) (width 0.1))
    (fp_line (start -1.75 -2.19) (end 2.75 -2.19) (layer F.Fab) (width 0.1))
    (fp_text user %R (at 0 3.81) (layer F.Fab)
      (effects (font (size 1 1) (thickness 0.15)))
    )
    (pad 1 thru_hole rect (at 0 0) (size 1.5 1.5) (drill 0.8) (layers *.Cu *.Mask)
      (net 13 GND))
    (pad 2 thru_hole circle (at 0 2.54) (size 1.5 1.5) (drill 0.8) (layers *.Cu *.Mask)
      (net 58 "Net-(J1-Pad2)"))
    (pad 3 thru_hole circle (at 0 5.08) (size 1.5 1.5) (drill 0.8) (layers *.Cu *.Mask)
      (net 47 "Net-(J4-Pad3)"))
    (pad 4 thru_hole circle (at 0 7.62) (size 1.5 1.5) (drill 0.8) (layers *.Cu *.Mask)
      (net 46 "Net-(J4-Pad4)"))
    (model ${KISYS3DMOD}/Sensor.3dshapes/Aosong_DHT11_5.5x12.0_P2.54mm.wrl
      (at (xyz 0 0 0))
      (scale (xyz 1 1 1))
      (rotate (xyz 0 0 0))
    )
  )

  (module Sensor:Aosong_DHT11_5.5x12.0_P2.54mm (layer F.Cu) (tedit 5C4B60CF) (tstamp 616C70FE)
    (at 48.26 109.22)
    (descr "Temperature and humidity module, http://akizukidenshi.com/download/ds/aosong/DHT11.pdf")
    (tags "Temperature and humidity module")
    (path /61E8C606)
    (fp_text reference J5 (at -1 -3.5) (layer F.SilkS)
      (effects (font (size 1 1) (thickness 0.15)))
    )
    (fp_text value "I2C Sensor" (at 0 11.3) (layer F.Fab)
      (effects (font (size 1 1) (thickness 0.15)))
    )
    (fp_text user %R (at 0 3.81) (layer F.Fab)
      (effects (font (size 1 1) (thickness 0.15)))
    )
    (fp_line (start -1.75 -2.19) (end 2.75 -2.19) (layer F.Fab) (width 0.1))
    (fp_line (start 2.75 -2.19) (end 2.75 9.81) (layer F.Fab) (width 0.1))
    (fp_line (start 2.75 9.81) (end -2.75 9.81) (layer F.Fab) (width 0.1))
    (fp_line (start -2.75 -1.19) (end -2.75 9.81) (layer F.Fab) (width 0.1))
    (fp_line (start -2.87 -2.32) (end 2.87 -2.32) (layer F.SilkS) (width 0.12))
    (fp_line (start 2.88 -2.32) (end 2.88 9.94) (layer F.SilkS) (width 0.12))
    (fp_line (start 2.88 9.94) (end -2.88 9.94) (layer F.SilkS) (width 0.12))
    (fp_line (start -2.88 9.94) (end -2.88 -2.31) (layer F.SilkS) (width 0.12))
    (fp_line (start -3 -2.44) (end 3 -2.44) (layer F.CrtYd) (width 0.05))
    (fp_line (start 3 -2.44) (end 3 10.06) (layer F.CrtYd) (width 0.05))
    (fp_line (start 3 10.06) (end -3 10.06) (layer F.CrtYd) (width 0.05))
    (fp_line (start -3 10.06) (end -3 -2.44) (layer F.CrtYd) (width 0.05))
    (fp_line (start -2.75 -1.19) (end -1.75 -2.19) (layer F.Fab) (width 0.1))
    (fp_line (start -3.16 -2.6) (end -3.16 -0.6) (layer F.SilkS) (width 0.12))
    (fp_line (start -3.16 -2.6) (end -1.55 -2.6) (layer F.SilkS) (width 0.12))
    (pad 4 thru_hole circle (at 0 7.62) (size 1.5 1.5) (drill 0.8) (layers *.Cu *.Mask)
      (net 48 "Net-(J5-Pad4)"))
    (pad 3 thru_hole circle (at 0 5.08) (size 1.5 1.5) (drill 0.8) (layers *.Cu *.Mask)
      (net 49 "Net-(J5-Pad3)"))
    (pad 2 thru_hole circle (at 0 2.54) (size 1.5 1.5) (drill 0.8) (layers *.Cu *.Mask)
      (net 58 "Net-(J1-Pad2)"))
    (pad 1 thru_hole rect (at 0 0) (size 1.5 1.5) (drill 0.8) (layers *.Cu *.Mask)
      (net 13 GND))
    (model ${KISYS3DMOD}/Sensor.3dshapes/Aosong_DHT11_5.5x12.0_P2.54mm.wrl
      (at (xyz 0 0 0))
      (scale (xyz 1 1 1))
      (rotate (xyz 0 0 0))
    )
  )

  (module Sensor:Aosong_DHT11_5.5x12.0_P2.54mm (layer F.Cu) (tedit 5C4B60CF) (tstamp 616C7116)
    (at 48.26 124.46)
    (descr "Temperature and humidity module, http://akizukidenshi.com/download/ds/aosong/DHT11.pdf")
    (tags "Temperature and humidity module")
    (path /61E98A99)
    (fp_text reference J6 (at -1 -3.5) (layer F.SilkS)
      (effects (font (size 1 1) (thickness 0.15)))
    )
    (fp_text value "I2C Sensor" (at 0 11.3) (layer F.Fab)
      (effects (font (size 1 1) (thickness 0.15)))
    )
    (fp_text user %R (at 0 3.81) (layer F.Fab)
      (effects (font (size 1 1) (thickness 0.15)))
    )
    (fp_line (start -1.75 -2.19) (end 2.75 -2.19) (layer F.Fab) (width 0.1))
    (fp_line (start 2.75 -2.19) (end 2.75 9.81) (layer F.Fab) (width 0.1))
    (fp_line (start 2.75 9.81) (end -2.75 9.81) (layer F.Fab) (width 0.1))
    (fp_line (start -2.75 -1.19) (end -2.75 9.81) (layer F.Fab) (width 0.1))
    (fp_line (start -2.87 -2.32) (end 2.87 -2.32) (layer F.SilkS) (width 0.12))
    (fp_line (start 2.88 -2.32) (end 2.88 9.94) (layer F.SilkS) (width 0.12))
    (fp_line (start 2.88 9.94) (end -2.88 9.94) (layer F.SilkS) (width 0.12))
    (fp_line (start -2.88 9.94) (end -2.88 -2.31) (layer F.SilkS) (width 0.12))
    (fp_line (start -3 -2.44) (end 3 -2.44) (layer F.CrtYd) (width 0.05))
    (fp_line (start 3 -2.44) (end 3 10.06) (layer F.CrtYd) (width 0.05))
    (fp_line (start 3 10.06) (end -3 10.06) (layer F.CrtYd) (width 0.05))
    (fp_line (start -3 10.06) (end -3 -2.44) (layer F.CrtYd) (width 0.05))
    (fp_line (start -2.75 -1.19) (end -1.75 -2.19) (layer F.Fab) (width 0.1))
    (fp_line (start -3.16 -2.6) (end -3.16 -0.6) (layer F.SilkS) (width 0.12))
    (fp_line (start -3.16 -2.6) (end -1.55 -2.6) (layer F.SilkS) (width 0.12))
    (pad 4 thru_hole circle (at 0 7.62) (size 1.5 1.5) (drill 0.8) (layers *.Cu *.Mask)
      (net 50 "Net-(J6-Pad4)"))
    (pad 3 thru_hole circle (at 0 5.08) (size 1.5 1.5) (drill 0.8) (layers *.Cu *.Mask)
      (net 51 "Net-(J6-Pad3)"))
    (pad 2 thru_hole circle (at 0 2.54) (size 1.5 1.5) (drill 0.8) (layers *.Cu *.Mask)
      (net 58 "Net-(J1-Pad2)"))
    (pad 1 thru_hole rect (at 0 0) (size 1.5 1.5) (drill 0.8) (layers *.Cu *.Mask)
      (net 13 GND))
    (model ${KISYS3DMOD}/Sensor.3dshapes/Aosong_DHT11_5.5x12.0_P2.54mm.wrl
      (at (xyz 0 0 0))
      (scale (xyz 1 1 1))
      (rotate (xyz 0 0 0))
    )
  )

  (module Jumper:SolderJumper-3_P1.3mm_Bridged12_Pad1.0x1.5mm (layer F.Cu) (tedit 5C756B4C) (tstamp 616C7129)
    (at 204.345001 121.835001)
    (descr "SMD Solder 3-pad Jumper, 1x1.5mm Pads, 0.3mm gap, pads 1-2 bridged with 1 copper strip")
    (tags "solder jumper open")
    (path /61657007)
    (attr virtual)
    (fp_text reference J7 (at 0 -1.8) (layer F.SilkS)
      (effects (font (size 1 1) (thickness 0.15)))
    )
    (fp_text value "12V DC, 2A" (at 0 2) (layer F.Fab)
      (effects (font (size 1 1) (thickness 0.15)))
    )
    (fp_poly (pts (xy -0.9 -0.3) (xy -0.4 -0.3) (xy -0.4 0.3) (xy -0.9 0.3)) (layer F.Cu) (width 0))
    (fp_line (start 2.3 1.25) (end -2.3 1.25) (layer F.CrtYd) (width 0.05))
    (fp_line (start 2.3 1.25) (end 2.3 -1.25) (layer F.CrtYd) (width 0.05))
    (fp_line (start -2.3 -1.25) (end -2.3 1.25) (layer F.CrtYd) (width 0.05))
    (fp_line (start -2.3 -1.25) (end 2.3 -1.25) (layer F.CrtYd) (width 0.05))
    (fp_line (start -2.05 -1) (end 2.05 -1) (layer F.SilkS) (width 0.12))
    (fp_line (start 2.05 -1) (end 2.05 1) (layer F.SilkS) (width 0.12))
    (fp_line (start 2.05 1) (end -2.05 1) (layer F.SilkS) (width 0.12))
    (fp_line (start -2.05 1) (end -2.05 -1) (layer F.SilkS) (width 0.12))
    (fp_line (start -1.3 1.2) (end -1.6 1.5) (layer F.SilkS) (width 0.12))
    (fp_line (start -1.6 1.5) (end -1 1.5) (layer F.SilkS) (width 0.12))
    (fp_line (start -1.3 1.2) (end -1 1.5) (layer F.SilkS) (width 0.12))
    (pad 1 smd rect (at -1.3 0) (size 1 1.5) (layers F.Cu F.Mask)
      (net 10 "Net-(C1-Pad1)"))
    (pad 3 smd rect (at 1.3 0) (size 1 1.5) (layers F.Cu F.Mask)
      (net 76 "Net-(J7-Pad3)"))
    (pad 2 smd rect (at 0 0) (size 1 1.5) (layers F.Cu F.Mask)
      (net 13 GND))
  )

